0 0.8834055872305189 0.9573319316692517 0.21502125449265713 0.08533613666149656
0 0.821996592454466 0.7571235672668492 0.3560068150910681 0.48575286546630175
0 0.7784013394350371 0.8060564327620652 0.3719047500836208 0.38788713447586964
0 0.6879789322969584 0.8286236230013276 0.31916665632316815 0.3427527539973447
0 0.6390312313817027 0.7269720632405899 0.4310412268890456 0.5460558735188201
0 0.5469287648675787 0.7513073264121811 0.34433672329492 0.44916207603827163
0 0.46126975147322835 0.7351226553549841 0.3085293268555974 0.3902763925573023
0 0.437848200100345 0.5598840460716541 0.5133150331620413 0.7010929130335931
0 0.3162916501170691 0.6338955482572813 0.3430527099005697 0.4413495760382718
0 0.2293269394015888 0.6191183369953214 0.2945101947091565 0.3704411111239619
0 0.2513154656992135 0.4068860745715489 0.49081800817040355 0.7418971491430979
0 0.17944960544136093 0.45124525402625915 0.3018890161735654 0.5556155080525184