0 0.9867847398053659 0.7749057589350443 0.026430520389268252 0.24549550649282176
0 0.9130631249680942 0.5749114874246889 0.17387375006381162 0.6411898360381265
0 0.8603288148691878 0.6629257305248301 0.16479307791959955 0.4893818741875734
0 0.7913048769942683 0.7220609971639215 0.15052764441608807 0.3940148271096728
0 0.6953227238353646 0.6376235418061902 0.18228497096363389 0.5723307418823251
0 0.6311181862476184 0.7045031245979059 0.15444404613912646 0.4408625535707225
0 0.5596287425973318 0.7425446412369974 0.14833608372687265 0.3752648271096728
0 0.455103561997457 0.5917145726487412 0.20304391601787977 0.709912562499176
0 0.40090309231015875 0.7374867686709816 0.15941563573708403 0.4300341477265238
0 0.32812509374602405 0.7778993088490236 0.1443993929802226 0.35492505357072235
0 0.220698121250807 0.5754521931828667 0.21339294779835294 0.7584318831160273
0 0.15967946515636072 0.6829840495135326 0.18449682067646087 0.5645727889602258