0 0.9378093523788404 0.8418960541811197 0.12438129524231911 0.24212334160399784
0 0.877932466539096 0.6351216693587661 0.24413506692180817 0.6503040227450789
0 0.8082294615598403 0.7058216211780117 0.22500426542722246 0.4987029813887503
0 0.7245887576985018 0.7466157491759396 0.19796324337106536 0.40415246071058564
0 0.651249883436729 0.6464017334601739 0.25245820991016127 0.5823887766740204
0 0.5701570317810063 0.6964980868509961 0.20757750439914383 0.4512457845319034
0 0.4891510108246351 0.7175426410276066 0.1945942643274366 0.3868921861034799
0 0.4245396711235522 0.5509758792407823 0.29001909152398664 0.7178553957806084
0 0.3335251124803579 0.6784716406133218 0.21111542682592557 0.440526608353221
0 0.25120292957539053 0.7019327193970382 0.1876076091809999 0.3647988622821622
0 0.19626224079482513 0.48545584884270826 0.30588335255206517 0.7652398180303492
0 0.13247416064536657 0.5732148680731306 0.20319958307214825 0.5723202638537389